Program Time [s],data 0,data 1
24.42860,464.26,502.58
24.44937,467.08,505.58
24.47040,467.74,506.11
24.49201,466.23,508.61
24.51062,468.58,508.27
24.53184,465.49,508.47
24.55185,468.39,509.40
24.57134,465.66,510.46
24.59199,465.35,513.26
24.61133,467.13,512.09
24.63181,465.41,513.86
24.65026,465.97,512.05
24.67045,465.20,515.92
24.69097,466.55,518.58
24.71112,466.26,518.83
24.73051,465.16,518.86
24.75046,469.82,545.31
24.77098,477.47,580.32
24.79172,482.56,624.91
24.81110,485.14,652.91
24.83200,484.48,663.64
24.85212,478.19,655.23
24.87105,475.68,636.42
24.89096,468.01,615.87
24.91053,463.95,590.20
24.93126,460.84,567.83
24.95066,458.33,548.92
24.97164,457.09,530.68
24.99194,456.68,519.03
25.01078,456.46,508.98
25.03116,459.26,501.67
25.05065,461.73,498.05
25.07140,461.79,493.55
25.09140,463.14,495.49
25.11228,464.75,497.17
25.13100,463.19,499.81
25.15034,463.43,500.53
25.17230,464.47,504.73
25.19221,465.69,506.19
25.21183,464.44,504.56
25.23269,467.21,504.74
25.25265,468.06,507.30
25.27245,469.11,507.74
25.29275,472.26,508.71
25.31296,471.77,511.29
25.33354,471.53,516.08
25.35318,474.10,514.38
25.37280,474.30,515.44
25.39278,471.09,517.34
25.41269,470.91,516.19
25.43330,471.77,513.76
25.45418,471.66,515.02
25.47376,473.15,513.11
25.49399,471.08,511.52
25.51408,471.69,510.25
25.53279,472.13,513.10
25.55428,470.13,512.06
25.57334,472.84,513.28
25.59415,471.92,517.88
25.61407,470.82,520.72
25.63323,469.96,521.32
25.65430,472.00,521.56
25.67350,471.00,524.01
25.69370,474.39,524.91
25.71265,474.83,525.21
25.73409,474.32,526.05
25.75300,473.29,525.78
25.77287,471.10,521.35
25.79366,472.92,524.10
25.81371,471.23,521.43
25.83277,472.17,519.14
25.85425,470.60,517.11
25.87285,469.35,518.45
25.89408,468.30,518.14
25.91396,469.88,517.51
25.93270,466.98,518.64
25.95334,470.13,517.10
25.97322,468.76,521.49
25.99351,470.17,522.27
26.01352,468.24,522.91
26.03286,470.75,523.49
26.05313,470.00,522.94
26.07294,471.61,526.73
26.09244,469.57,528.50
26.11389,469.54,525.13
26.13410,469.56,528.74
26.15299,470.25,527.40
26.17329,471.12,523.75
26.19290,471.92,526.87
26.21399,469.60,524.57
26.23383,471.38,524.72
26.25414,468.61,521.45
26.27256,471.28,523.78
26.29324,470.31,524.16
26.31298,470.13,523.74
26.33367,466.35,514.09
26.35391,460.65,495.39
26.37300,455.39,475.55
26.39334,449.55,454.28
26.41254,449.81,435.27
26.43354,449.01,420.25
26.45373,446.24,408.11
26.47297,450.05,402.25
26.49398,453.62,397.49
26.51246,456.25,398.26
26.53403,460.72,402.75
26.55255,462.57,407.14
26.57369,466.59,415.75
26.59331,465.40,423.77
26.61394,468.31,435.50
26.63355,470.62,442.77
26.65432,471.57,451.34
26.67397,473.47,459.07
26.69402,470.84,466.94
26.71435,471.44,475.12
26.73356,471.79,484.06
26.75278,471.98,487.58
26.77361,473.90,493.11
26.79244,470.92,500.29
26.81234,473.20,503.87
26.83380,473.65,505.95
26.85425,472.46,506.27
26.87317,471.00,511.77
26.89288,473.33,510.17
26.91378,472.21,511.51
26.93316,471.73,515.17
26.95420,474.12,517.58
26.97309,471.18,515.61
26.99344,473.63,517.59
27.01414,473.14,519.00
27.03348,471.92,518.00
27.05317,474.27,521.46
27.07380,473.49,520.23
27.09263,472.82,519.56
27.11388,472.94,519.86
27.13349,470.51,520.08
27.15236,473.32,521.20
27.17336,474.80,519.87
27.19416,473.65,520.41
27.21260,473.46,521.52
27.23316,473.79,536.99
27.25264,472.20,567.06
27.27300,474.32,605.33
27.29289,476.69,639.60
27.31268,481.43,669.17
27.33338,487.47,680.70
27.35359,486.06,679.41
27.37357,486.80,672.27
27.39307,487.57,658.81
27.41408,485.74,643.06
27.43317,484.86,628.07
27.45407,483.75,615.15
27.47330,482.78,603.33
27.49333,484.22,588.74
27.51236,485.34,580.55
27.53345,481.61,573.94
27.55259,484.25,576.35
27.57321,485.65,578.90
27.59405,486.38,580.36
27.61241,486.22,578.45
27.63308,487.62,572.06
27.65388,484.45,570.97
27.67410,485.60,566.20
27.69402,485.82,562.60
27.71265,483.40,556.80
27.73428,485.32,552.85
27.75373,483.98,549.45
27.77333,480.11,550.12
27.79297,478.00,546.96
27.81405,480.57,547.33
27.83309,477.27,541.91
27.85396,478.82,539.56
27.87245,479.56,538.98
27.89258,475.28,533.99
27.91350,473.83,533.47
27.93243,477.36,532.28
27.95433,475.53,529.35
27.97267,478.28,531.14
27.99237,474.89,528.99
28.01403,476.28,528.45
28.03351,477.03,527.99
28.05394,475.98,527.93
28.07309,476.02,528.48
28.09361,476.54,526.15
28.11383,478.45,529.77
28.13336,477.12,526.15
28.15346,479.83,528.07
28.17345,479.96,527.60
28.19373,476.47,527.31
28.21351,477.51,527.63
28.23414,474.15,528.33
28.25430,474.85,531.19
28.27391,474.57,527.75
28.29303,476.57,530.89
28.31362,475.90,527.58
28.33245,473.41,527.81
28.35325,474.62,527.94
28.37414,475.20,527.07
28.39409,473.40,526.72
28.41268,471.60,528.33
28.43516,472.10,525.72
28.45421,473.23,529.80
28.47514,476.05,527.30
28.49429,472.96,527.32
28.51466,476.17,530.62
28.53353,476.78,531.32
28.55545,477.66,531.65
28.57584,479.11,530.25
28.59586,480.23,531.12
28.61629,479.94,529.55
28.63506,481.45,529.48
28.65567,482.11,527.09
28.67587,478.22,527.51
28.69627,477.56,530.37
28.71449,474.70,527.79
28.73587,474.65,529.16
28.75581,475.06,532.62
28.77600,476.54,527.50
28.79551,476.37,516.03
28.81469,474.84,499.84
28.83695,474.20,477.00
28.85656,475.05,455.02
28.87586,471.29,438.93
28.89536,466.72,422.23
28.91556,469.13,412.84
28.93606,466.19,404.62
28.95737,465.40,399.38
28.97631,464.48,400.99
28.99611,466.87,404.97
29.01587,465.30,410.64
29.03557,466.42,418.33
29.05713,472.11,430.54
29.07594,471.14,439.66
29.09707,472.04,448.92
29.11810,474.49,458.44
29.13698,475.52,467.15
29.15697,474.49,476.01
29.17782,475.36,486.00
29.19679,474.36,490.49
29.21917,475.72,496.15
29.24006,476.16,500.08
29.26015,475.71,503.35
29.27936,474.55,505.76
29.29871,473.84,511.72
29.31848,473.01,513.96
29.33977,474.57,517.60
29.35926,471.81,519.31
29.38013,472.26,521.81
29.39991,472.01,523.40
29.42017,471.93,525.50
29.43905,472.20,526.28
29.45938,470.69,530.86
29.47963,472.29,530.60
29.49886,471.22,533.83
29.52010,473.82,535.15
29.53900,472.22,537.51
29.55842,471.90,536.75
29.57944,470.70,536.23
29.59994,473.58,534.64
29.62125,473.47,535.64
29.64107,470.91,538.47
29.65940,470.18,558.23
29.68140,471.59,583.99
29.70167,472.58,612.93
29.72130,476.10,643.46
29.74119,475.64,670.69
29.76135,479.47,689.75
29.78193,480.24,697.88
29.80140,481.26,697.64
29.82243,480.15,688.56
29.84278,478.38,671.30
29.86172,476.31,657.20
29.88326,478.37,643.46
29.90199,477.43,628.67
29.92219,474.13,612.83
29.94280,473.36,603.83
29.96184,471.33,591.49
29.98221,471.19,585.52
30.00278,470.46,575.74
30.02242,470.80,570.08
30.04291,468.41,563.29
30.06336,469.64,560.61
30.08137,469.26,554.07
30.10286,469.41,552.63
30.12256,469.22,547.45
30.14283,467.19,545.31
30.16332,467.61,544.99
30.18154,465.98,545.34
30.20263,464.72,542.21
30.22199,469.13,540.28
30.24172,468.35,536.11
30.26295,468.24,536.56
30.28177,469.25,538.01
30.30195,465.42,536.45
30.32331,465.63,535.94
30.34308,466.19,535.63
30.36346,463.40,532.44
30.38286,461.79,534.24
30.40346,461.21,533.89
30.42234,461.13,532.98
30.44325,462.50,530.32
30.46398,462.59,532.86
30.48336,465.35,530.54
30.50253,462.32,530.46
30.52399,461.74,530.06
30.54381,463.85,530.72
30.56439,462.87,528.99
30.58494,464.33,529.91
30.60390,460.33,529.11
30.62486,463.86,529.60
30.64427,460.61,529.41
30.66516,459.48,528.66
30.68431,458.90,528.48
30.70431,459.26,528.30
30.72369,457.88,527.71
30.74426,456.82,529.38
30.76398,459.94,528.18
30.78349,459.60,530.08
30.80504,461.34,531.62
30.82412,460.66,528.97
30.84484,459.45,529.97
30.86450,457.58,526.92
30.88415,460.47,528.83
30.90388,457.86,526.89
30.92394,459.00,527.11
30.94419,460.80,525.50
30.96382,460.68,527.47
30.98512,459.46,530.60
31.00430,460.42,530.94
31.02372,461.13,531.63
31.04403,461.74,530.87
31.06430,461.04,531.95
31.08480,459.22,530.08
31.10520,459.17,531.28
31.12440,460.20,531.15
31.14480,458.15,530.11
31.16493,457.85,528.77
31.18552,459.43,529.39
31.20536,456.78,527.11
31.22600,456.29,526.20
31.24591,458.66,527.15
31.26518,456.90,527.40
31.28594,458.23,527.96
31.30548,455.77,529.20
31.32468,460.03,527.94
31.34434,460.99,527.53
31.36567,461.44,528.50
31.38442,460.88,525.35
31.40572,458.40,525.69
31.42515,458.76,528.47
31.44518,462.40,527.84
31.46774,461.09,527.68
31.48834,459.80,527.98
31.50798,459.55,525.34
31.52922,459.54,529.31
31.55114,465.21,526.73
31.57043,463.93,527.39
31.59123,465.08,525.86
31.61123,466.28,527.94
31.63044,468.93,529.19
31.65142,468.97,527.15
31.67189,472.20,529.17
31.69136,473.55,528.70
31.71293,470.73,531.08
31.73193,475.56,529.84
31.75121,474.52,531.92
31.77271,477.04,533.08
31.79266,474.15,531.72
31.81317,477.37,532.43
31.83311,476.90,534.34
31.85176,477.30,535.41
31.87170,476.52,537.61
31.89288,476.47,534.05
31.91230,476.65,537.17
31.93158,476.82,534.15
31.95146,478.28,536.34
31.97130,477.32,533.29
31.99288,479.80,532.96
32.01164,478.05,534.49
32.03230,476.38,533.33
32.05308,477.95,534.71
32.07168,475.86,534.14
32.09308,476.60,531.05
32.11185,478.83,533.56
32.13168,477.91,532.40
32.15320,477.94,531.85
32.17263,478.05,531.92
32.19137,479.41,533.51
32.21178,480.02,533.57
32.23230,479.86,532.90
32.25229,476.93,531.30
32.27255,480.25,532.32
32.29222,480.28,531.66
32.31234,479.84,532.62
32.33184,479.07,536.38
32.35146,478.11,540.18
32.37305,478.17,540.99
32.39318,481.20,533.17
32.41305,481.87,520.12
32.43396,487.06,499.31
32.45231,484.88,476.50
32.47353,487.51,457.90
32.49376,487.25,441.25
32.51249,483.65,429.04
32.53296,479.94,420.12
32.55299,476.35,412.77
32.57268,474.94,409.21
32.59412,472.60,408.88
32.61308,473.65,411.16
32.63243,475.24,418.98
32.65291,473.02,425.39
32.67238,470.95,432.06
32.69387,473.04,440.68
32.71227,471.39,449.87
32.73300,472.21,459.75
32.75398,474.92,467.49
32.77318,477.88,476.64
32.79290,477.81,484.91
32.81245,479.12,489.95
32.83349,478.42,498.63
32.85270,478.74,503.23
32.87381,481.57,505.47
32.89322,483.85,511.09
32.91299,483.53,516.61
32.93238,483.09,517.21
32.95383,481.70,520.74
32.97269,481.12,523.03
32.99406,477.65,524.64
33.01246,478.51,529.00
33.03297,478.36,530.25
33.05304,480.49,528.63
33.07368,479.64,532.52
33.09288,481.20,533.98
33.11363,482.13,531.62
33.13389,481.40,530.94
33.15333,481.99,533.94
33.17377,480.10,530.60
33.19339,477.44,532.83
33.21412,477.05,532.61
33.23225,476.30,531.91
33.25308,476.65,532.85
33.27270,477.92,536.22
33.29426,477.89,546.84
33.31227,481.12,572.12
33.33402,482.70,606.34
33.35285,484.95,646.43
33.37376,486.64,674.22
33.39262,484.27,690.82
33.41339,483.16,700.89
33.43253,483.51,702.16
33.45425,483.74,693.89
33.47253,483.62,682.04
33.49353,481.34,668.58
33.51307,480.43,653.63
33.53342,479.36,639.40
33.55389,478.10,625.65
33.57308,481.31,611.37
33.59398,479.13,600.81
33.61345,478.20,593.29
33.63228,478.68,585.42
33.65414,479.81,577.54
33.67328,480.62,572.88
33.69352,478.52,569.55
33.71362,477.61,563.42
33.73408,480.59,561.31
33.75418,477.98,558.17
33.77324,478.29,554.41
33.79406,475.89,553.53
33.81301,477.01,551.95
33.83330,476.54,546.73
33.85294,478.67,545.04
33.87206,476.18,544.53
33.89230,477.62,543.75
33.91355,478.57,543.60
33.93386,477.09,542.06
33.95227,476.07,542.92
33.97308,475.59,542.49
33.99308,476.12,540.42
34.01265,477.72,540.34
34.03370,478.18,544.70
34.05346,480.47,542.59
34.07356,480.36,540.91
34.09340,479.42,541.61
34.11268,480.71,543.18
34.13285,482.00,539.68
34.15360,480.76,539.85
34.17306,481.85,540.70
34.19227,479.95,540.92
34.21342,480.74,540.78
34.23333,481.63,541.98
34.25303,479.35,542.11
34.27355,476.98,542.49
34.29411,478.26,540.07
34.31310,479.89,540.71
34.33331,477.78,540.99
34.35284,477.03,541.40
34.37390,478.61,538.16
34.39340,479.92,538.74
34.41392,477.44,541.55
34.43411,480.02,541.42
34.45356,479.23,541.21
34.47525,479.43,539.05
34.49378,479.54,539.46
34.51377,481.93,539.47
34.53429,479.62,541.59
34.55383,476.64,541.40
34.57421,477.74,544.86
34.59328,478.60,545.56
34.61467,476.62,544.24
34.63378,476.56,546.04
34.65373,476.11,544.12
34.67402,476.83,542.26
34.69468,477.04,544.95
34.71356,476.46,541.92
34.73322,476.93,543.24
34.75468,477.72,542.53
34.77508,475.68,541.47
34.79436,479.69,539.56
34.81325,479.69,532.81
34.83336,478.63,534.06
34.85385,478.32,532.77
34.87478,477.41,533.10
34.89364,479.55,531.29
34.91380,479.51,531.96
34.93366,477.87,534.47
34.95468,480.24,532.86
34.97488,479.25,533.23
34.99387,476.04,535.33
35.01361,477.90,536.07
35.03338,476.19,537.45
35.05465,476.99,537.96
35.07384,477.43,540.64
35.09329,479.66,539.16
35.11442,475.75,539.59
35.13446,476.75,537.71
35.15485,476.73,538.00
35.17520,479.46,540.49
35.19356,481.83,537.18
35.21349,482.77,538.01
35.23427,482.57,538.77
35.25365,478.10,540.48
35.27345,479.79,539.63
35.29501,477.24,538.78
35.31469,478.74,536.31
35.33482,478.74,538.82
35.35514,479.01,537.01
35.37407,477.06,538.75
35.39338,475.69,539.28
35.41411,478.43,538.22
35.43488,476.62,537.55
35.45393,477.82,539.06
35.47445,478.97,538.68
35.49419,476.12,538.20
35.51457,479.64,538.33
35.53431,476.50,540.37
35.55428,477.65,540.10
35.57515,477.10,542.09
35.59490,474.83,542.40
35.61328,477.34,540.78
35.63479,475.81,542.20
35.65394,474.52,540.74
35.67334,477.31,541.69
35.69447,476.18,542.52
35.71460,477.04,539.54
35.73485,476.19,539.07
35.75512,477.57,542.21
35.77468,476.98,542.43
35.79374,478.07,539.25
35.81312,476.06,539.06
35.83383,477.17,539.18
35.85501,477.91,542.64
35.87457,476.64,540.80
35.89459,476.97,537.28
35.91347,473.65,536.09
35.93412,476.56,535.88
35.95367,475.94,536.86
35.97500,474.36,536.74
35.99405,472.77,537.23
36.01491,474.85,535.47
36.03483,475.14,537.45
36.05482,475.43,539.76
36.07419,474.10,539.29
36.09485,473.98,539.02
36.11375,477.56,541.60
36.13483,475.59,533.17
36.15495,475.82,520.08
36.17470,477.94,501.44
36.19405,472.99,481.37
36.21477,471.61,462.87
36.23364,472.54,448.67
36.25486,467.54,439.52
36.27445,469.62,435.99
36.29463,468.74,430.61
36.31357,466.96,426.96
36.33311,469.01,430.06
36.35331,467.92,433.61
36.37507,469.80,434.19
36.39447,473.56,441.55
36.41480,474.10,452.27
36.43418,473.00,460.75
36.45405,474.42,467.01
36.47321,476.44,476.14
36.49409,473.73,484.73
36.51335,475.95,489.16
36.53464,474.64,495.54
36.55448,475.02,501.48
36.57334,474.96,508.79
36.59319,476.67,512.65
36.61448,476.37,518.12
36.63336,474.67,520.26
36.65576,478.25,523.15
36.67422,479.29,526.97
36.69602,476.76,527.72
36.71599,477.32,528.10
36.73619,473.69,530.14
36.75526,475.69,532.17
36.77702,475.19,531.90
36.79570,473.97,532.67
36.81654,473.80,533.34
36.83642,472.92,536.36
36.85686,472.35,535.33
36.87697,471.63,537.27
36.89574,472.97,543.43
36.91642,469.83,541.11
36.93539,471.13,543.39
36.95511,472.29,540.18
36.97539,471.09,552.13
36.99530,472.11,581.02
37.01558,472.59,613.39
37.03617,474.68,647.21
37.05551,479.98,674.02
37.07691,481.50,691.95
37.09613,485.70,701.31
37.11546,483.81,696.63
37.13659,484.63,687.35
37.15673,482.89,673.32
37.17617,482.92,655.06
37.19530,481.46,643.30
37.21640,479.51,629.79
37.23526,476.62,616.83
37.25543,475.28,607.61
37.27584,472.91,598.45
37.29513,473.68,588.79
37.31591,471.07,580.20
37.33731,471.75,577.49
37.35698,469.00,568.15
37.37536,468.40,566.34
37.39580,467.96,558.16
37.41599,470.57,557.40
37.43563,468.76,551.26
37.45627,471.21,549.98
37.47665,470.18,547.52
37.49657,469.86,548.71
37.51687,467.62,548.11
37.53680,468.20,545.24
37.55650,470.00,544.24
37.57603,468.23,542.95
37.59640,468.62,545.25
37.61532,470.61,546.60
37.63525,468.21,543.89
37.65565,467.89,546.40
37.67535,469.20,544.12
37.69677,468.56,546.06
37.71644,469.52,545.21
37.73512,467.31,544.85
37.75509,469.67,544.23
37.77641,467.77,542.53
37.79622,469.22,544.47
37.81680,467.69,540.63
37.83665,467.75,540.68
37.85523,468.36,544.25
37.87707,469.19,543.94
37.89621,469.46,543.41
37.91553,468.03,542.70
37.93675,468.16,542.66
37.95679,466.60,541.85
37.97565,466.73,541.29
37.99601,470.59,545.25
38.01698,467.20,543.23
38.03600,466.59,541.77
38.05572,466.69,544.78
38.07522,471.01,541.94
38.09576,471.33,542.10
38.11696,469.33,543.36
38.13674,470.52,540.53
38.15624,470.11,541.06
38.17509,470.52,541.70
38.19580,467.28,541.87
38.21647,470.36,539.95
38.23623,469.19,542.60
38.25528,467.19,539.88
38.27706,467.17,540.53
38.29533,467.39,540.24
38.31699,467.58,539.07
38.33581,469.20,539.53
38.35675,469.84,541.55
38.37691,468.55,542.86
38.39678,467.71,542.23
38.41665,467.29,542.08
38.43526,466.50,542.90
38.45582,464.27,542.72
38.47532,465.89,542.86
38.49698,464.86,544.62
38.51691,462.85,541.24
38.53637,463.49,542.22
38.55668,465.57,543.88
38.57511,464.29,545.48
38.59619,466.61,543.78
38.61511,465.24,543.41
38.63593,466.00,544.00
38.65532,465.29,544.15
38.67599,466.95,540.54
38.69586,466.28,542.90
38.71632,466.65,543.64
38.73509,468.75,544.00
38.75663,468.00,542.30
38.77569,469.11,543.69
38.79518,465.69,543.39
38.81569,469.05,542.82
38.83561,466.73,541.81
38.85705,466.78,540.74
38.87538,469.26,541.90
38.89667,467.10,541.68
38.91531,469.68,542.25
38.93676,468.96,539.68
38.95569,467.60,542.80
38.97530,469.27,541.11
38.99563,469.32,544.45
39.01626,467.75,543.20
39.03502,467.96,543.96
39.05562,466.00,545.76
39.07652,466.22,544.02
39.09590,464.01,544.53
39.11506,465.93,542.98
39.13618,466.57,545.37
39.15510,466.75,544.46
39.17584,467.14,543.45
39.19613,468.48,543.98
39.21645,465.20,542.36
39.23778,464.68,544.99
39.25671,466.31,545.40
39.27737,464.85,542.38
39.29613,465.06,533.85
39.31792,463.98,518.50
39.33748,462.59,500.76
39.35806,458.09,479.84
39.37716,455.37,463.78
39.39866,454.67,449.33
39.41794,451.75,437.71
39.43895,450.23,430.13
39.45790,451.63,422.68
39.47763,447.20,420.61
39.49778,448.64,418.73
39.51711,449.85,423.94
39.53861,449.00,428.97
39.55850,452.44,434.40
39.57832,453.37,444.46
39.59966,456.81,454.73
39.61889,457.98,462.88
39.63980,458.47,471.84
39.65939,459.00,480.79
39.67948,456.08,485.96
39.69877,456.89,490.16
39.71928,456.50,496.80
39.73984,458.79,502.71
39.75891,460.18,505.66
39.77902,459.79,509.84
39.79818,456.26,514.79
39.81925,457.63,516.94
39.83983,459.58,518.46
39.85999,459.73,522.58
39.87859,457.11,523.46
39.89858,460.95,544.16
39.91875,462.03,573.86
39.94045,466.55,610.53
39.95969,469.37,651.67
39.97978,473.50,684.18
39.99983,471.40,701.05
40.02081,473.32,705.25
40.03981,469.26,694.80
40.06054,467.52,678.93
40.08052,467.52,664.94
40.09958,464.82,648.23
40.11928,463.53,635.99
40.13906,461.84,621.89
40.15993,463.22,610.06
40.17893,460.48,599.16
40.20080,459.13,591.14
40.21965,456.85,580.52
40.24003,458.49,573.04
40.26085,457.98,567.64
40.28057,457.28,563.79
40.30053,457.30,559.87
40.32089,458.44,555.76
40.33969,460.93,549.61
40.35929,461.22,548.90
40.38043,458.67,545.27
40.39990,461.51,542.77
40.41990,458.55,543.33
40.43972,461.62,541.58
40.45901,461.62,538.70
40.48082,459.94,540.44
40.50031,460.25,539.74
40.52050,459.98,536.90
40.54005,459.60,537.51
40.55955,462.19,538.77
40.58069,462.40,538.82
40.60145,459.42,539.70
40.62015,459.20,538.13
40.63991,459.35,538.46
40.66009,460.59,537.21
40.68026,460.86,538.25
40.70082,463.38,538.74
40.72000,463.15,537.45
40.74202,460.44,536.67
40.76111,461.88,535.45
40.78011,462.83,535.65
40.80065,462.28,536.14
40.82156,466.42,537.69
40.84078,462.99,535.73
40.86058,465.47,534.58
40.88069,466.30,534.37
40.90162,464.43,534.44
40.92179,462.46,534.52
40.94028,464.63,535.15
40.96128,463.83,533.40
40.98119,463.75,536.48
41.00070,463.98,538.05
41.02044,461.02,537.94
41.04020,463.45,536.07
41.06150,460.29,537.86
41.08173,458.62,536.15
41.10066,462.06,536.34
41.12059,463.50,533.46
41.14012,463.76,533.75
41.16180,461.60,535.79
41.18141,461.58,535.04
41.20028,461.00,532.80
41.22051,463.32,533.40
41.24106,461.25,532.53
41.26153,460.52,532.65
41.28149,462.63,533.64
41.30008,461.59,531.92
41.32152,461.97,534.70
41.34108,460.55,530.25
41.36063,462.27,531.27
41.38148,460.03,531.39
41.40055,463.17,531.23
41.42114,462.07,532.43
41.44190,464.21,533.23
41.46059,461.40,530.90
41.48115,462.81,531.50
41.50099,462.15,531.59
41.52164,459.99,535.09
41.54068,462.31,535.04
41.55973,459.99,536.15
41.58156,463.18,534.99
41.60124,463.39,533.30
41.62223,463.34,533.75
41.64284,463.55,534.81
41.66318,466.32,536.36
41.68332,465.32,537.71
41.70260,467.41,535.76
41.72215,466.75,536.32
41.74321,466.91,538.41
41.76315,467.60,539.98
41.78248,468.59,538.65
41.80184,467.42,537.37
41.82297,468.20,537.28
41.84353,471.82,537.79
41.86328,472.00,537.06
41.88267,471.31,535.78
41.90362,469.96,537.86
41.92334,471.83,537.00
41.94301,472.47,536.60
41.96274,470.65,535.92
41.98322,470.61,536.08
42.00269,469.01,538.42
42.02356,470.82,539.84
42.04316,468.46,540.38
42.06338,470.98,538.76
42.08195,471.29,538.55
42.10304,468.30,539.66
42.12360,470.51,539.50
42.14253,466.72,537.48
42.16277,465.98,531.94
42.18319,464.98,517.98
42.20390,465.03,498.13
42.22268,463.70,480.03
42.24325,458.94,462.67
42.26254,459.21,447.37
42.28306,456.76,436.13
42.30366,456.83,428.71
42.32294,459.35,423.15
42.34239,459.69,424.02
42.36263,462.53,425.59
42.38358,461.26,429.39
42.40255,460.60,435.21
42.42420,462.22,437.95
42.44292,464.03,447.56
42.46310,463.75,452.64
42.48300,467.47,462.61
42.50326,470.12,471.91
42.52327,470.74,478.47
42.54308,469.66,485.66
42.56271,469.13,489.20
42.58245,469.67,494.66
42.60249,470.14,502.48
42.62300,474.28,504.60
42.64234,472.44,509.96
42.66264,474.27,512.10
42.68346,473.91,516.98
42.70236,471.40,519.96
42.72346,471.76,519.12
42.74205,472.54,520.04
42.76259,470.27,525.21
42.78293,471.87,527.08
42.80384,472.85,531.99
42.82388,472.81,546.72
42.84400,473.15,567.46
42.86317,474.84,600.54
42.88354,479.76,629.45
42.90363,481.92,663.00
42.92400,484.63,684.21
42.94332,485.19,699.37
42.96376,487.26,702.81
42.98414,487.10,696.21
43.00416,488.35,683.61
43.02467,485.87,666.17
43.04329,483.08,652.09
43.06498,482.35,637.01
43.08396,482.06,623.47
43.10440,481.58,610.69
43.12457,482.05,599.90
43.14372,482.27,591.20
43.16382,479.10,583.71
43.18432,478.72,578.36
43.20307,476.52,575.21
43.22405,479.67,569.02
43.24381,474.43,565.56
43.26282,474.09,558.55
43.28303,473.95,556.17
43.30406,473.11,552.33
43.32298,473.25,551.32
43.34340,473.21,549.15
43.36454,475.39,544.72
43.38313,473.00,545.56
43.40368,475.83,543.09
43.42350,475.84,544.23
43.44378,474.65,543.95
43.46397,476.28,542.80
43.48387,477.66,542.85
43.50330,474.67,541.77
43.52366,476.43,539.74
43.54401,474.61,542.65
43.56393,477.57,539.62
43.58323,475.67,541.63
43.60479,477.30,539.97
43.62470,476.64,538.93
43.64305,475.94,542.14
43.66475,477.20,540.43
43.68461,476.06,540.16
43.70488,476.42,540.27
43.72360,477.11,542.12
43.74305,479.42,541.23
43.76402,476.34,538.67
43.78447,480.03,538.26
43.80419,479.36,540.21
43.82384,478.71,538.83
43.84452,475.73,538.10
43.86457,477.33,539.07
43.88447,474.05,539.10
43.90323,474.67,538.57
43.92470,474.97,537.69
43.94303,476.20,538.12
43.96402,475.38,541.12
43.98466,478.23,542.55
44.00442,478.73,539.86
44.02518,479.70,543.66
44.04495,483.10,541.99
44.06587,482.70,543.94
44.08577,482.99,542.52
44.10440,482.22,539.32
44.12414,484.76,539.66
44.14408,483.29,540.51
44.16508,482.31,540.13
44.18370,481.37,538.61
44.20599,481.27,541.52
44.22500,478.93,542.40
44.24552,479.78,538.98
44.26406,479.38,538.13
44.28518,478.11,538.11
44.30546,478.57,537.69
44.32512,478.07,537.39
44.34509,477.53,537.36
44.36423,477.27,539.75
44.38505,476.63,538.88
44.40408,475.30,538.47
44.42528,472.80,538.31
44.44444,474.86,538.88
44.46458,476.29,540.34
44.48547,476.76,540.79
44.50521,477.47,539.60
44.52576,478.60,541.39
44.54538,476.05,542.70
44.56673,477.86,541.92
44.58555,475.37,542.51
44.60573,478.32,543.08
44.62582,476.56,544.59
44.64649,476.01,541.73
44.66503,479.77,541.48
44.68632,478.51,543.15
44.70580,479.98,541.46
44.72643,479.85,543.32
44.74551,480.37,542.50
44.76532,479.61,542.28
44.78620,477.30,544.86
44.80504,478.75,542.26
44.82616,479.91,544.14
44.84518,476.56,543.27
44.86599,476.50,544.89
44.88586,474.93,543.75
44.90572,475.63,545.06
44.92597,478.14,542.71
44.94502,478.36,545.47
44.96695,476.47,544.98
44.98637,476.65,547.58
45.00616,477.23,545.85
45.02475,479.13,546.74
45.04511,478.51,548.48
45.06527,479.38,546.29
45.08723,479.20,546.12
45.10627,477.93,547.36
45.12764,474.91,545.50
45.14812,477.85,545.41
45.16804,475.43,547.26
45.18859,477.07,546.33
45.20691,475.74,546.24
45.22746,476.74,543.92
45.24710,475.39,547.12
45.26847,478.58,549.13
45.28839,476.28,549.31
45.30868,476.27,548.16
45.32825,475.32,545.74
45.34858,474.64,544.43
45.36990,475.08,545.38
45.38992,475.20,543.61
45.40938,472.89,545.17
45.43064,470.02,543.16
45.45063,472.28,545.80
45.47067,469.94,543.25
45.48966,471.58,543.56
45.51019,473.79,544.02
45.53042,472.38,543.79
45.54927,469.45,543.43
45.56898,469.44,541.82
45.58941,469.66,542.91
45.61034,471.75,539.74
45.62982,469.73,539.93
45.65087,468.93,542.90
45.67059,469.21,539.29
45.68885,470.72,539.09
45.70891,471.41,539.82
45.72920,470.55,542.07
45.75040,472.19,541.85
45.76948,468.81,540.87
45.78931,470.62,539.52
45.80956,469.93,543.08
45.83065,470.17,542.31
45.84960,471.63,542.30
45.86988,469.59,541.27
45.89007,467.98,539.86
45.90969,469.34,541.88
45.92998,470.43,538.66
45.95015,467.94,538.44
45.96944,467.59,541.05
45.98895,469.97,542.09
46.01082,469.31,541.42
46.02982,469.76,543.49
46.04948,468.51,545.50
46.06919,467.90,542.09
46.08958,466.32,533.04
46.10996,466.50,519.36
46.12955,461.01,502.29
46.14891,458.42,483.93
46.16914,452.65,469.50
46.19092,449.87,457.35
46.21012,446.97,444.87
46.23051,445.64,437.97
46.24907,447.87,433.20
46.26971,451.01,431.64
46.28894,450.54,429.93
46.31059,456.26,433.13
46.33021,458.36,435.13
46.34900,461.48,440.52
46.36977,466.55,446.45
46.38929,467.09,454.32
46.40947,466.78,459.05
46.42998,466.51,470.79
46.45064,468.83,477.68
46.47089,467.20,483.97
46.48936,465.70,493.75
46.51014,468.72,498.76
46.52920,469.12,503.98
46.54985,468.42,510.26
46.56939,466.51,515.13
46.58927,469.37,518.81
46.60971,469.06,518.84
46.63001,467.61,523.30
46.65038,466.57,525.78
46.67020,468.20,529.73
46.69056,466.29,531.30
46.70997,466.50,530.43
46.72916,468.51,538.59
46.74932,470.57,569.10
46.77060,474.41,607.89
46.78948,474.59,646.01
46.81066,478.67,678.89
46.83007,477.23,697.83
46.85054,481.47,707.91
46.87093,480.59,707.87
46.89028,478.97,699.94
46.91046,479.18,684.64
46.93035,476.73,670.10
46.95099,475.65,655.41
46.96991,474.84,638.70
46.99086,475.57,626.52
47.00936,471.10,613.00
47.02984,473.05,604.32
47.04993,472.78,593.65
47.06943,470.97,586.74
47.08946,468.80,579.25
47.11171,467.51,574.47
47.13067,464.86,565.85
47.15081,464.60,558.76
47.17001,463.65,556.18
47.19059,462.09,554.91
47.21189,460.55,552.86
47.23003,461.46,548.79
47.25054,462.75,547.03
47.27022,462.47,545.64
47.29067,462.58,544.54
47.31170,464.86,542.80
47.33062,466.20,541.29
47.35234,463.59,539.64
47.37117,464.54,540.58
47.39207,464.58,540.13
47.41105,461.63,536.61
47.43233,463.27,539.57
47.45140,462.18,538.78
47.47172,461.14,539.02
47.49248,462.47,538.89
47.51108,459.87,537.41
47.53100,459.70,536.98
47.55233,461.28,540.46
47.57103,461.62,537.83
47.59177,462.47,539.40
47.61096,460.07,537.52
47.63181,458.30,537.74
47.65168,458.27,536.97
47.67238,459.03,535.23
47.69153,461.14,536.06
47.71287,462.92,534.51
47.73090,460.24,534.02
47.75172,460.78,534.74
47.77168,461.02,534.10
47.79235,461.40,534.56
47.81206,460.77,535.19
47.83123,459.90,538.32
47.85233,458.95,534.77
47.87224,459.96,535.07
47.89198,460.25,537.14
47.91248,461.06,537.02
47.93275,458.78,533.76
47.95174,458.05,536.41
47.97072,458.71,534.92
47.99190,460.88,534.69
48.01258,460.89,535.59
48.03191,458.26,533.24
48.05227,458.71,533.68
48.07112,458.19,532.50
48.09206,460.40,534.17
48.11159,457.87,534.68
48.13250,458.84,532.73
48.15224,460.72,533.16
48.17224,459.73,531.22
48.19234,458.95,530.65
48.21269,457.23,532.12
48.23176,461.00,532.95
48.25243,461.31,534.96
48.27177,459.63,534.70
48.29189,460.06,536.68
48.31174,459.73,534.62
48.33121,458.90,534.96
48.35185,457.91,536.81
48.37218,456.79,534.24
48.39158,456.88,536.74
48.41234,454.29,536.68
48.43163,455.18,533.82
48.45109,455.62,534.44
48.47204,459.18,532.74
48.49096,459.41,534.47
48.51259,459.03,532.58
48.53153,456.91,531.84
48.55093,458.93,534.31
48.57276,459.86,535.34
48.59274,456.69,533.45
48.61117,458.64,536.63
48.63073,458.32,533.84
48.65253,457.97,533.93
48.67241,458.92,535.13
48.69203,459.72,535.68
48.71208,458.87,535.93
48.73260,459.54,535.70
48.75157,460.92,532.26
48.77241,461.30,534.76
48.79136,460.88,533.94
48.81219,457.71,533.22
48.83089,457.89,535.20
48.85207,459.86,535.20
48.87117,456.33,536.66
48.89246,457.20,536.78
48.91141,457.96,536.08
48.93122,459.08,535.27
48.95112,456.87,536.92
48.97217,454.65,536.46
48.99127,456.41,534.80
49.01098,455.91,535.54
49.03270,458.23,531.69
49.05140,457.57,531.26
49.07289,459.29,532.35
49.09198,461.34,533.41
49.11232,459.29,535.79
49.13111,461.60,532.23
49.15240,459.50,534.38
49.17128,460.50,532.11
49.19268,460.94,534.91
49.21219,460.48,536.42
49.23197,460.33,533.93
49.25275,462.19,534.16
49.27268,459.54,537.04
49.29094,459.51,534.46
49.31230,458.43,532.38
49.33266,458.90,532.21
49.35243,457.58,532.26
49.37175,459.09,530.67
49.39114,456.02,532.34
49.41218,459.13,531.61
49.43243,455.94,531.48
49.45117,459.32,531.39
49.47269,456.04,534.49
49.49275,457.40,531.97
49.51149,458.76,533.76
49.53154,458.83,531.65
49.55071,458.19,533.33
49.57199,454.89,535.66
49.59173,455.64,535.13
49.61132,456.44,536.03
49.63251,457.13,534.61
49.65264,457.51,533.14
49.67217,457.48,533.45
49.69209,458.81,533.90
49.71139,460.72,533.92
49.73264,457.34,532.83
49.75173,459.70,531.21
49.77168,457.95,530.27
49.79268,457.86,530.81
49.81281,459.50,532.53
49.83297,455.80,534.69
49.85524,460.01,532.17
49.87471,462.32,522.90
49.89648,464.64,509.87
49.91686,468.48,498.64
49.93625,472.50,483.73
49.95707,473.50,474.41
49.97665,476.25,466.32
49.99588,477.80,454.20
50.01769,477.85,449.94
50.03715,476.78,441.40
50.05627,474.61,438.49
50.07619,473.67,435.63
50.09714,473.00,432.68
50.11774,470.85,429.62
50.13691,469.60,430.48
50.15694,468.18,433.15
50.17686,467.46,436.69
50.19572,463.44,441.48
50.21583,462.98,447.41
50.23637,462.46,451.89
50.25676,461.55,459.23
50.27629,462.73,468.58
50.29717,461.81,475.71
50.31666,462.87,482.33
50.33652,463.87,487.39
50.35852,463.87,493.33
50.37733,467.43,502.82
50.39720,466.90,506.64
50.41857,466.74,509.86
50.43861,470.30,524.76
50.45802,470.52,553.02
50.47705,474.18,585.34
50.49840,476.17,626.68
50.51713,476.37,659.36
50.53851,477.07,685.76
50.55796,478.49,698.90
50.57822,478.90,702.35
50.59764,479.96,692.34
50.61713,476.94,678.71
50.63707,473.65,664.49
50.65764,473.77,648.79
50.67771,475.62,634.35
50.69728,477.43,621.63
50.71858,474.57,611.65
50.73809,475.00,599.58
50.75854,476.07,589.70
50.77740,476.61,583.12
50.79784,474.52,577.11
50.81845,477.03,570.75
50.83831,474.05,567.26
50.85675,475.28,561.37
50.87732,476.12,560.70
50.89850,474.02,554.35
50.91802,476.53,554.39
50.93969,478.59,549.63
50.95938,476.81,549.07
50.97862,478.25,549.44
50.99932,479.39,549.06
51.01791,479.84,547.78
51.03942,479.05,543.38
51.05908,481.57,544.87
51.07938,482.18,544.78
51.09965,479.46,544.99
51.11954,481.31,544.88
51.13808,479.40,544.29
51.15800,477.84,544.38
51.17834,478.88,540.51
51.19919,477.67,541.95
51.21912,477.86,542.17
51.23804,475.82,539.95
51.25805,478.17,540.73
51.27849,477.06,542.43
51.29853,479.36,541.52
51.31795,477.42,542.77
51.33877,481.26,540.28
51.35966,479.56,541.64
51.37868,478.72,541.54
51.39808,478.66,539.94
51.41979,479.14,541.15
51.43916,478.96,541.61
51.45840,479.81,541.30
51.47904,477.55,540.03
51.49955,478.08,541.95
51.51854,479.99,540.45
51.53836,479.08,541.02
51.55948,481.65,541.54
51.57887,482.28,542.11
51.59844,481.84,543.34
51.61977,482.49,544.44
51.63888,481.50,540.98
51.65910,478.85,543.13
51.67861,481.27,545.07
51.69869,481.93,544.08
51.72037,481.50,543.65
51.73943,480.96,544.20
51.76032,481.80,543.17
51.77972,482.76,543.03
51.79988,481.89,543.88
51.81999,481.19,543.98
51.83882,479.97,542.66
51.86073,480.76,546.12
51.87977,479.77,544.27
51.90064,481.33,543.42
51.91898,478.28,543.38
51.94030,478.28,545.58
51.95893,482.66,542.66
51.97889,479.43,542.24
52.00084,481.17,545.61
52.01903,480.75,544.88
52.03961,480.59,545.85
52.06013,481.95,545.37
52.07998,479.49,542.67
52.10075,481.41,542.33
52.12053,480.83,541.77
52.13972,484.22,542.72
52.16026,483.24,541.59
52.17899,479.79,540.69
52.19891,479.19,538.39
52.21945,480.87,540.83
52.24053,478.03,539.65
52.26146,479.30,542.89
52.28052,477.06,540.93
52.30125,479.21,542.49
52.32228,479.28,541.79
52.34164,477.17,542.78
52.36180,477.22,542.58
52.38128,475.46,545.67
52.40179,478.27,545.56
52.42170,479.03,544.77
52.44189,476.76,546.07
52.46234,477.04,545.09
52.48228,480.04,543.44
52.50246,476.34,545.82
52.52063,477.64,542.54
52.54082,477.35,542.89
52.56242,476.74,544.46
52.58095,477.27,543.92
52.60068,474.64,543.79
52.62214,474.56,542.04
52.64102,476.43,545.95
52.66125,476.87,542.13
52.68215,475.91,542.41
52.70113,475.77,541.85
52.72233,478.13,543.93
52.74111,477.05,541.47
52.76166,473.21,540.86
52.78130,472.55,540.29
52.80125,474.18,541.51
52.82220,475.73,543.48
52.84206,476.77,543.49
52.86243,473.38,541.35
52.88137,474.33,541.00
52.90164,476.41,542.60
52.92345,475.67,541.06
52.94556,474.65,542.70
52.96668,473.20,539.07
52.98526,471.20,542.08
53.00613,471.06,540.58
53.02568,468.71,537.09
53.04505,470.78,538.53
53.06562,467.34,539.72
53.08557,465.35,541.80
53.10650,465.50,540.75
53.12476,465.03,540.43
53.14561,465.66,539.62
53.16544,463.58,538.33
53.18532,463.79,538.61
53.20667,464.71,538.77
53.22657,461.59,539.26
53.24559,463.17,537.28
53.26496,462.38,538.24
53.28592,461.08,537.01
53.30510,461.03,537.29
53.32600,464.88,536.21
53.34611,464.02,538.03
53.36498,464.37,539.54
53.38614,463.77,538.67
53.40647,462.44,539.54
53.42487,464.59,539.26
53.44548,464.63,539.37
53.46626,463.15,540.55
53.48615,460.37,542.24
53.50610,462.48,540.22
53.52557,461.73,538.93
53.54573,461.91,537.10
53.56626,463.06,538.01
53.58588,463.89,539.35
53.60459,462.76,538.06
53.62604,462.98,536.57
53.64521,463.38,537.51
53.66579,463.40,538.64
53.68466,463.85,536.36
53.70633,464.64,539.62
53.72459,463.85,536.74
53.74629,463.15,536.79
53.76508,462.85,535.28
53.78535,462.51,538.31
53.80595,464.18,538.28
53.82629,463.14,537.18
53.84562,464.06,534.27
53.86486,461.19,538.06
53.88547,461.81,538.03
53.90650,460.27,536.67
53.92473,462.45,534.52
53.94627,464.26,535.60
53.96495,466.21,538.32
53.98563,465.50,535.59
54.00665,467.68,536.08
54.02525,468.09,539.64
54.04600,466.03,538.35
54.06527,464.87,533.02
54.08605,466.50,522.71
54.10613,463.26,511.55
54.12564,462.81,491.63
54.14606,463.58,472.62
54.16524,459.63,457.35
54.18629,459.54,446.47
54.20553,458.10,432.06
54.22474,456.28,424.22
54.24674,456.79,418.69
54.26785,454.01,413.67
54.28787,455.80,414.74
54.30923,457.97,420.81
54.32984,459.20,422.72
54.35120,457.80,430.81
54.37027,459.59,441.44
54.39007,456.69,449.49
54.41089,460.57,457.93
54.43203,458.07,470.02
54.45410,461.10,476.48
54.47387,461.22,486.98
54.49367,465.72,491.30
54.51537,465.54,496.27
54.53546,469.44,504.40
54.55392,470.48,510.02
54.57441,469.12,511.72
54.59523,471.66,518.49
54.61496,474.99,520.35
54.63418,474.12,534.89
54.65583,472.92,558.24
54.67481,473.83,591.50
54.69738,477.67,630.36
54.71567,477.96,667.35
54.73739,481.04,691.23
54.75737,483.64,704.47
54.77582,483.72,708.95
54.79653,482.62,699.81
54.81718,485.22,683.54
54.83757,484.02,667.15
54.85718,485.22,651.35
54.87663,486.46,634.61
54.89620,486.73,625.62
54.91597,484.62,611.37
54.93566,485.78,602.73
54.95710,485.14,590.76
54.97895,484.62,583.89
54.99761,484.46,578.78
55.01928,483.87,572.86
55.03974,483.50,569.78
55.05872,483.79,564.50
55.07994,482.75,559.08
55.09911,480.54,559.70
55.12044,477.75,553.95
55.14006,481.40,553.56
55.15884,479.25,549.72
55.18061,477.77,547.22
55.20053,478.73,545.92
55.21890,478.25,547.03
55.24035,479.24,541.84
55.25941,479.09,544.61
55.27965,476.89,541.39
55.29905,479.60,541.80
55.32133,477.24,541.25
55.33979,476.04,539.63
55.36160,477.39,541.08
55.38019,475.23,543.26
55.40131,473.74,541.15
55.41991,471.88,541.61
55.44065,474.32,543.95
55.45989,473.64,543.18
55.48144,474.36,543.30
55.49986,473.22,543.60
55.52059,473.91,541.57
55.54079,471.72,539.81
55.56103,472.11,541.23
55.57968,473.20,542.19
55.60130,470.50,541.24
55.62063,474.10,539.66
55.64145,473.73,539.03
55.66079,473.07,540.13
55.68068,471.08,539.67
55.69969,475.03,543.51
55.71982,472.29,541.13
55.74044,475.35,541.90
55.76067,475.59,544.01
55.78065,474.99,541.17
55.80096,475.70,543.35
55.82140,476.60,540.01
55.84139,477.68,540.19
55.86151,475.04,539.20
55.88127,477.97,538.92
55.90098,478.49,539.06
55.92197,475.68,537.84
55.94143,474.41,539.74
55.96168,472.15,537.92
55.98100,471.76,537.04
56.00170,469.64,538.02
56.02101,471.70,538.24
56.04230,468.26,537.61
56.06190,466.91,537.64
56.08256,469.31,539.18
56.10205,466.45,536.33
56.12166,466.80,535.19
56.14258,465.75,536.76
56.16335,467.58,536.99
56.18325,466.74,538.10
56.20231,467.30,535.89
56.22279,463.31,538.33
56.24302,463.46,536.47
56.26253,464.10,535.04
56.28239,464.46,536.04
56.30368,466.25,536.06
56.32208,464.65,535.48
56.34303,466.84,535.15
56.36373,464.44,536.24
56.38268,464.31,536.64
56.40203,465.44,537.32
56.42171,464.44,537.14
56.44316,466.63,538.86
56.46358,465.34,537.94
56.48237,467.62,537.74
56.50280,468.69,540.64
56.52314,463.95,537.18
56.54232,464.60,537.79
56.56226,464.55,539.45
56.58330,467.36,539.70
56.60179,465.96,540.12
56.62277,464.75,538.90
56.64262,466.17,540.93
56.66301,464.44,540.02
56.68319,465.05,540.33
56.70325,465.74,538.16
56.72296,461.38,540.76
56.74172,464.50,542.36
56.76347,464.04,542.44
56.78219,461.34,541.30
56.80193,460.37,543.13
56.82239,463.65,539.82
56.84221,464.29,542.86
56.86283,462.12,541.08
56.88270,462.28,543.95
56.90291,465.65,543.85
56.92354,462.89,541.10
56.94338,465.25,543.13
56.96246,464.55,544.32
56.98200,464.79,541.74
57.00328,464.04,542.06
57.02300,464.41,543.02
57.04212,463.71,540.87
57.06356,466.25,539.35
57.08212,462.50,538.88
57.10180,464.08,540.36
57.12210,463.83,539.18
57.14232,463.59,537.91
57.16154,464.17,540.50
57.18336,463.16,537.87
57.20382,460.83,537.12
57.22445,462.58,535.74
57.24629,460.88,537.73
57.26721,459.37,537.82
57.28828,462.95,534.57
57.30782,462.37,534.43
57.32657,462.26,535.90
57.34814,465.62,534.22
57.36717,463.84,536.12
57.38821,461.79,538.72
57.40713,461.26,535.76
57.42704,463.29,535.09
57.44662,463.23,534.16
57.46772,462.38,534.82
57.48723,459.83,536.66
57.50856,458.30,535.75
57.52805,458.73,534.77
57.54830,459.37,533.43
57.56711,459.09,538.23
57.58739,461.20,537.10
57.60774,457.89,535.33
57.62796,462.11,536.63
57.64671,461.46,534.30
57.66716,464.59,532.72
57.68813,464.88,531.65
57.70780,466.93,531.95
57.72729,463.08,530.50
57.74842,464.57,531.80
57.76657,464.38,532.67
57.78706,462.80,530.93
57.80697,464.61,531.67
57.82791,462.49,533.24
57.84731,461.31,536.17
57.86668,458.03,531.58
57.88853,457.26,525.41
57.90857,452.50,510.53
57.92801,452.42,496.00
57.94715,452.64,484.33
57.96774,450.70,472.64
57.98742,452.04,461.71
58.00701,451.86,451.90
58.02800,451.22,444.21
58.04728,450.52,439.18
58.06643,453.64,432.65
58.08826,452.27,427.58
58.10871,453.82,425.37
58.12874,457.06,424.96
58.14943,458.48,429.16
58.16921,458.59,431.42
58.18893,461.00,436.87
58.20802,461.19,441.28
58.22941,463.05,445.82
58.24799,462.56,453.38
58.26839,461.68,458.46
58.28867,463.51,466.01
58.30949,465.32,471.61
58.32756,463.95,478.21
58.34903,464.25,484.97
58.36931,465.90,493.62
58.38950,467.08,497.98
58.40785,466.76,500.67
58.42947,468.16,505.64
58.44810,465.88,511.63
58.46872,464.69,513.60
58.48955,467.56,517.46
58.50951,465.18,522.51
58.52882,464.46,524.98
58.54825,464.43,526.71
58.56745,466.36,527.50
58.58932,468.46,531.49
58.60876,469.64,546.02
58.62884,469.88,576.61
58.64904,475.68,606.17
58.66798,474.20,642.67
58.68897,478.18,674.89
58.70791,481.25,699.61
58.72893,482.95,715.10
58.74862,481.33,715.48
58.76825,482.99,707.57
58.78865,481.85,692.64
58.80840,480.62,677.57
58.82950,481.35,658.58
58.84760,477.95,643.23
58.86744,478.33,627.90
58.88843,477.81,609.45
58.90874,473.49,598.45
58.92861,474.16,588.25
58.94911,473.72,580.95
58.96890,470.30,570.13
58.98761,470.14,565.92
59.00921,470.87,561.25
59.02918,470.80,555.44
59.04769,469.26,553.85
59.06868,468.34,548.50
59.08941,470.40,543.58
59.10888,469.02,542.37
59.12879,468.26,539.20
59.14811,470.07,536.56
59.16802,470.71,534.08
59.18918,468.61,532.72
59.20889,468.07,535.00
59.22815,468.28,534.04
59.24933,470.14,534.51
59.26864,470.62,531.30
59.28924,471.90,531.54
59.30853,469.69,533.40
59.32755,469.73,533.59
59.34843,471.85,531.26
59.36934,470.85,534.93
59.38932,471.04,535.26
59.40796,471.47,534.36
59.42824,470.55,532.51
59.44829,470.06,531.56
59.46788,471.51,534.79
59.48806,472.03,535.67
59.50944,471.72,532.82
59.52877,472.46,534.53
59.54788,471.73,535.71
59.56770,472.00,534.47
59.58818,471.77,534.60
59.60846,474.95,534.46
59.62978,475.53,537.19
59.64989,476.00,536.32
59.66981,474.93,539.04
59.68910,475.24,538.29
59.70858,476.08,536.88
59.73017,475.64,535.65
59.74939,475.53,537.76
59.76994,471.66,539.34
59.79050,470.95,537.48
59.80990,473.43,536.16
59.83107,475.24,535.28
59.84945,475.80,538.83
59.87087,472.40,536.25
59.88986,475.65,536.43
59.91208,474.35,535.87
59.93135,475.39,539.20
59.95240,478.03,537.46
59.97097,478.22,538.77
59.99172,478.84,538.48
60.01122,479.49,540.08
60.03076,479.00,540.23
60.05174,478.86,540.14
60.07197,479.47,541.07
60.09161,475.65,537.72
60.11064,479.07,538.70
60.13141,478.69,537.62
60.15194,476.79,537.68
60.17210,477.43,540.86
60.19123,476.33,538.51
60.21161,477.99,540.95
60.23070,478.07,538.98
60.25223,475.88,540.34
60.27225,476.33,541.72
60.29112,479.93,543.18
60.31314,479.83,540.36
60.33356,477.72,539.99
60.35338,476.03,539.82
60.37279,475.15,540.53
60.39365,478.22,542.15
60.41253,478.18,545.43
60.43280,478.94,546.51
60.45364,480.02,543.86
60.47379,479.77,543.52
60.49390,478.54,543.89
60.51429,480.07,543.15
60.53368,478.46,544.50
60.55373,480.89,543.84
60.57283,478.95,545.36
60.59429,479.68,543.71
60.61379,480.94,543.47
60.63290,480.30,541.28
60.65448,477.51,541.17
60.67361,479.25,543.59
60.69305,475.85,541.35
60.71413,475.47,541.81
60.73373,475.02,540.70
60.75295,477.44,540.82
60.77385,478.49,543.51
60.79390,478.68,543.34
60.81407,476.28,541.59
60.83350,477.21,541.60
60.85469,474.90,541.33
60.87547,478.03,540.75
60.89525,477.96,538.27
60.91550,477.68,539.50
60.93585,475.33,539.64
60.95634,473.61,537.62
60.97562,475.04,536.72
60.99512,476.60,537.73
61.01496,473.33,537.65
61.03511,476.24,537.00
61.05511,473.15,537.28
61.07569,472.21,536.56
61.09533,474.43,537.21
61.11629,474.62,535.20
61.13521,475.41,537.12
61.15460,472.59,536.25
61.17622,472.00,534.60
61.19591,473.14,535.80
61.21504,471.86,537.13
61.23520,471.42,536.62
61.25526,469.53,534.41
61.27576,473.36,534.81
61.29624,472.04,535.98
61.31616,473.80,537.52
61.33519,474.32,539.48
61.35609,473.78,537.75
61.37591,474.80,540.81
61.39497,472.47,539.92
61.41539,473.07,540.16
61.43609,474.30,538.97
61.45815,471.74,537.02
61.47674,469.69,539.62
61.49807,468.73,537.13
61.51755,470.76,537.54
61.53780,468.22,535.44
61.55844,467.78,537.11
61.57709,464.78,535.81
61.59808,466.65,535.49
61.61719,464.35,535.50
61.63821,465.07,534.79
61.65847,464.17,533.94
61.67933,466.77,537.02
61.69845,465.40,533.86
61.71828,466.30,536.75
61.73848,466.59,534.93
61.75768,462.62,527.42
61.77804,464.13,514.94
61.79756,460.11,498.30
61.81906,459.32,480.65
61.83793,458.55,464.29
61.85926,455.26,450.10
61.87906,452.00,436.42
61.89863,448.89,427.04
61.91824,448.10,418.54
61.93902,448.89,414.52
61.95847,448.89,416.51
61.97858,450.40,417.55
61.99785,451.99,424.48
62.01765,455.10,429.61
62.04042,457.09,435.37
62.05874,454.84,443.58
62.08038,454.95,452.54
62.10058,454.55,463.70
62.12056,455.71,471.27
62.13957,456.74,479.12
62.15991,457.27,487.13
62.18006,455.82,493.02
62.19973,457.54,496.39
62.21974,455.94,501.65
62.23978,456.23,504.73
62.25961,458.09,509.78
62.28034,458.08,512.37
62.30004,458.51,512.62
62.31925,459.38,513.89
62.33889,459.33,514.20
62.36020,458.16,514.93
62.37905,459.25,531.03
62.39978,459.14,559.05
62.41838,462.23,597.50
62.43969,462.47,633.33
62.46026,463.38,665.40
62.47970,467.15,683.66
62.50088,470.34,688.46
62.51992,469.25,681.69
62.54096,471.81,665.27
62.56170,470.27,651.31
62.58246,468.83,637.34
62.60445,470.80,625.47
62.62474,469.74,609.90
62.64458,468.56,599.37
62.66361,468.88,587.79
62.68525,466.10,579.04
62.70427,465.79,573.66
62.72533,464.88,567.70
62.74371,465.26,562.42
62.76486,466.84,557.35
62.78515,467.74,552.85
62.80395,468.72,551.11
62.82381,469.49,550.99
62.84487,469.75,547.67
62.86440,467.84,543.75
62.88515,469.30,543.21
62.90484,470.05,542.80
62.92533,467.69,541.01
62.94385,466.84,539.71
62.96480,467.68,534.83
62.98616,467.22,536.15
63.00471,466.84,537.22
63.02626,464.47,534.81
63.04530,464.34,533.43
63.06457,467.71,534.84
63.08510,468.71,534.03
63.10599,467.43,535.07
63.12455,467.95,534.26
63.14524,466.83,535.50
63.16563,467.83,536.62
63.18632,469.20,532.81
63.20644,468.67,533.96
63.22509,466.81,536.01
63.24585,467.87,535.27
63.26450,466.09,534.84
63.28578,467.66,534.30
63.30600,468.10,536.24
63.32454,466.10,533.57
63.34579,464.59,535.58
63.36485,467.46,533.07
63.38621,467.69,533.77
63.40540,465.45,535.29
63.42577,466.47,534.58
63.44615,465.24,538.51
63.46512,467.26,537.23
63.48566,465.76,537.11
63.50593,464.33,536.86
63.52571,465.32,537.30
63.54511,466.21,535.80
63.56515,466.10,536.06
63.58583,469.26,535.96
63.60550,466.92,535.35
63.62605,466.16,536.86
63.64435,468.34,535.09
63.66438,467.91,533.27
63.68541,466.82,533.72
63.70554,466.51,532.36
63.72599,466.88,534.70
63.74533,470.28,532.50
63.76445,468.85,532.77
63.78611,468.92,532.61
63.80524,467.54,535.41
63.82480,470.27,536.66
63.84506,470.65,534.47
63.86625,469.89,535.51
63.88454,471.75,534.37
63.90595,472.11,536.61
63.92605,470.61,535.08
63.94863,472.81,536.60
63.96578,472.25,537.89
63.98459,474.47,536.21
64.00570,472.83,538.42
64.02587,472.46,535.04
64.04458,475.75,537.03
64.06470,474.36,535.45
64.08574,474.48,535.31
64.10566,474.24,536.17
64.12505,476.71,535.93
64.14577,475.36,534.69
64.16500,475.41,534.90
64.18555,473.29,537.10
64.20635,472.05,534.27
64.22459,473.20,536.47
64.24576,473.80,536.55
64.26466,474.49,535.80
64.28526,474.21,535.63
64.30591,473.19,537.13
64.32633,474.78,536.99
64.34497,474.13,536.60
64.36630,472.85,536.20
64.38496,472.91,537.65
64.40528,475.42,535.57
64.42473,473.67,537.07
64.44576,476.72,535.30
64.46742,477.12,535.88
64.48806,479.34,538.63
64.50753,477.43,539.69
64.52851,480.05,539.37
64.54860,479.23,537.94
64.56899,480.46,537.01
64.58986,478.61,541.19
64.60826,477.09,540.55
64.63035,478.97,539.67
64.65005,476.12,543.07
64.67033,476.65,540.50
64.68937,480.28,541.51
64.70999,477.25,540.76
64.72999,478.14,541.91
64.74971,478.73,538.31
64.76832,478.83,540.76
64.79107,476.94,540.82
64.81096,475.91,539.61
64.82952,477.63,539.46
64.85012,480.57,542.29
64.87221,480.02,539.90
64.89153,476.00,541.71
64.91334,478.76,541.81
64.93213,475.57,542.18
64.95198,476.56,540.11
64.97296,474.27,540.62
64.99403,473.16,541.34
65.01305,475.40,538.41
65.03338,475.30,542.19
65.05441,473.28,538.63
65.07314,472.57,538.64
65.09354,474.10,539.39
65.11435,470.87,537.90
65.13270,470.70,538.18
65.15269,471.20,539.38
65.17231,472.32,539.46
65.19248,471.22,540.82
65.21263,471.54,540.30
65.23389,472.97,537.89
65.25370,471.76,539.39
65.27628,469.10,539.10
65.29468,470.22,537.15
65.31614,471.26,539.89
65.33512,468.42,537.91
65.35564,468.35,538.77
65.37593,469.59,534.94
65.39555,470.95,537.81
65.41555,465.82,535.22
65.43723,465.73,536.83
65.45605,467.36,537.12
65.47778,462.85,535.56
65.49626,462.59,534.10
65.51745,461.55,532.98
65.53705,461.24,532.35
65.55824,462.07,532.19
65.57736,460.63,533.85
65.59785,459.39,534.05
65.61728,460.71,533.35
65.63735,463.03,533.70
65.65871,466.09,533.52
65.67893,464.38,530.30
65.69754,464.47,533.02
65.71781,461.63,533.05
65.73741,464.01,531.70
65.75897,461.93,528.70
65.77806,461.18,530.77
65.79793,459.08,530.69
65.81895,461.67,529.89
65.83833,460.03,533.10
65.85759,458.50,531.02
65.87900,461.71,531.51
65.89973,459.59,529.59
65.91858,460.58,533.35
65.94093,461.93,532.99
65.95997,463.63,531.18
65.98158,464.85,530.73
66.00227,466.01,533.67
66.02273,468.28,538.29
66.04238,467.94,531.94
66.06297,469.36,527.80
66.08367,471.27,517.14
66.10531,472.23,500.78
66.12369,473.97,483.43
66.14372,474.01,471.43
66.16451,470.46,457.60
66.18386,469.58,447.90
66.20423,467.84,440.59
66.22365,467.42,438.93
66.24471,465.99,436.58
66.26443,465.83,434.94
66.28421,465.16,433.41
66.30370,465.53,438.10
66.32449,465.33,437.80
66.34342,466.67,439.85
66.36467,469.70,443.44
66.38406,467.78,448.21
66.40514,471.12,455.45
66.42576,474.92,460.96
66.44523,474.95,469.63
66.46577,475.55,475.63
66.48688,475.62,480.78
66.50590,475.06,490.08
66.52776,475.39,495.94
66.54759,475.90,500.21
66.56914,475.26,505.52
66.59066,471.82,512.87
66.60960,473.87,514.62
66.63097,473.88,519.08
66.65077,475.03,521.68
66.66979,473.41,525.77
66.69079,474.55,539.95
66.71088,474.49,565.95
66.73045,472.70,592.57
66.74925,474.13,625.62
66.77122,474.54,658.20
66.78955,473.67,684.30
66.81069,475.45,697.48
66.83076,480.11,703.51
66.85111,482.37,700.30
66.87068,480.40,691.36
66.89173,482.42,675.47
66.91142,481.63,657.83
66.93148,481.65,641.33
66.95148,480.00,629.10
66.97270,478.24,613.32
66.99290,479.87,602.13
67.01268,477.82,592.38
67.03186,475.65,585.83
67.05157,475.25,575.01
67.07260,474.32,571.76
67.09157,477.18,568.03
67.11190,476.27,560.91
67.13282,477.33,557.90
67.15186,477.78,556.70
67.17213,477.27,552.60
67.19237,476.83,548.42
67.21218,473.79,545.94
67.23285,474.02,546.27
67.25312,473.39,543.65
67.27175,473.36,541.32
67.29271,471.62,541.90
67.31122,471.18,541.93
67.33311,471.05,542.36
67.35328,468.72,539.98
67.37285,470.19,541.57
67.39261,469.19,541.95
67.41165,469.33,541.82
67.43247,466.95,541.22
67.45176,466.10,537.96
67.47182,469.39,540.76
67.49146,466.33,537.26
67.51142,470.24,538.09
67.53200,468.82,537.35
67.55270,468.06,539.27
67.57289,470.54,538.95
67.59276,468.04,537.44
67.61168,467.81,537.63
67.63295,467.90,538.22
67.65288,468.41,540.85
67.67244,468.85,536.70
67.69257,467.90,537.88
67.71202,468.42,538.66
67.73246,466.94,538.94
67.75231,465.52,538.27
67.77191,467.62,539.15
67.79242,467.45,540.75
67.81158,469.44,538.80
67.83256,469.08,539.55
67.85198,467.05,538.82
67.87141,465.25,537.28
67.89133,464.16,540.26
67.91137,466.00,540.52
67.93231,463.81,540.51
67.95284,461.45,539.22
67.97383,462.89,538.75
67.99249,462.22,538.31
68.01416,461.29,537.22
68.03252,461.22,536.40
68.05295,463.73,538.14
68.07413,461.48,539.59
68.09366,463.01,538.48
68.11407,461.59,538.80
68.13307,463.22,538.38
68.15379,463.75,536.09
68.17333,463.93,536.88
68.19265,464.55,537.99
68.21362,465.90,534.67
68.23384,466.14,536.21
68.25322,465.79,533.62
68.27214,464.69,533.26
68.29377,465.61,532.17
68.31287,464.56,533.81
68.33419,464.63,531.61
68.35258,465.00,533.49
68.37423,466.18,532.00
68.39275,464.02,533.48
68.41235,462.21,533.22
68.43355,462.92,533.51
68.45320,464.74,537.24
68.47330,463.69,534.82
68.49239,463.17,537.22
68.51398,463.01,534.50
68.53241,460.83,535.75
68.55317,459.66,535.07
68.57370,460.57,536.43
68.59338,460.17,535.98
68.61356,462.16,536.08
68.63239,463.63,535.38
68.65300,461.23,534.44
68.67361,464.34,535.92
68.69310,464.40,536.42
68.71378,461.35,537.17
68.73252,462.02,535.55
68.75306,460.95,533.30
68.77288,461.36,536.18
68.79406,459.95,533.76
68.81287,458.59,534.40
68.83322,459.25,533.71
68.85223,460.48,532.29
68.87336,462.87,532.71
68.89230,459.79,532.26
68.91242,461.87,534.81
68.93232,460.35,533.99
68.95301,461.61,532.35
68.97389,461.68,532.86
68.99307,459.39,532.54
69.01396,460.14,533.71
69.03298,459.74,536.48
69.05324,462.94,536.25
69.07378,459.53,534.14
69.09401,461.31,534.79
69.11364,461.02,534.96
69.13362,460.95,534.34
69.15435,461.26,533.48
69.17332,461.77,534.80
69.19301,460.40,532.01
69.21376,461.17,536.09
69.23376,458.92,536.60
69.25281,458.55,534.87
69.27215,459.08,536.54
69.29337,459.10,534.36
69.31257,458.83,535.22
69.33259,458.62,534.34
69.35263,457.68,534.27
69.37267,460.00,532.41
69.39388,457.70,534.30
69.41257,458.66,531.77
69.43247,458.49,535.35
69.45321,460.53,534.32
69.47274,457.17,532.30
69.49292,459.75,535.29
69.51303,459.62,534.01
69.53222,460.27,532.18
69.55346,460.46,535.67
69.57415,460.69,534.50
69.59521,459.26,535.81
69.61626,459.26,534.65
69.63456,460.00,534.72
69.65446,458.37,535.05
69.67537,458.57,532.10
69.69556,459.16,532.15
69.71455,457.70,532.19
69.73529,460.18,529.15
69.75511,461.04,528.10
69.77603,458.00,528.81
69.79628,460.19,527.19
69.81500,459.10,527.62
69.83460,457.71,527.69
69.85494,458.96,529.80
69.87569,459.57,528.21
69.89462,462.14,526.73
69.91559,461.84,526.80
69.93577,461.30,527.83
69.95427,463.22,526.86
69.97467,459.68,529.75
69.99454,461.81,528.22
70.01459,458.59,530.70
70.03477,458.26,531.23
70.05559,460.37,528.12
70.07447,459.63,527.06
70.09556,458.92,525.98
70.11581,458.88,517.14
70.13555,457.27,505.43
70.15568,452.30,489.22
70.17564,448.38,475.06
70.19595,445.87,459.38
70.21548,444.10,451.76
70.23599,443.31,442.39
70.25700,443.52,435.63
70.27572,441.66,426.87
70.29571,440.19,424.54
70.31554,440.77,422.04
70.33705,443.70,422.46
70.35722,446.85,423.86
70.37596,446.20,425.76
70.39579,446.88,433.58
70.41656,450.14,438.16
70.43704,453.53,445.86
70.45668,452.93,451.95
70.47529,456.02,456.73
70.49546,457.07,462.58
70.51545,460.43,472.03
70.53558,460.24,478.30
70.55626,461.32,485.08
70.57692,463.02,491.53
70.59622,466.11,496.86
70.61702,466.65,501.21
70.63723,465.88,504.83
70.65566,466.80,508.36
70.67626,466.22,510.92
70.69606,466.73,517.04
70.71580,469.68,531.21
70.73586,472.11,557.29
70.75542,472.89,585.22
70.77550,470.52,615.90
70.79511,470.61,643.44
70.81673,473.42,667.06
70.83608,473.13,682.31
70.85536,475.54,687.15
70.87574,478.53,685.15
70.89524,476.20,678.90
70.91574,477.40,666.57
70.93600,478.44,651.14
70.95569,475.58,634.49
70.97567,471.86,619.03
70.99679,471.65,607.76
71.01627,471.47,594.58
71.03534,472.03,584.07
71.05574,470.77,577.82
71.07618,469.16,568.64
71.09624,471.51,561.53
71.11542,470.37,555.93
71.13542,469.35,553.07
71.15643,469.73,547.27
71.17586,464.75,544.19
71.19641,467.79,540.84
71.21562,466.78,539.78
71.23589,462.76,535.75
71.25693,462.84,535.38
71.27589,466.17,531.93
71.29687,463.98,528.80
71.31611,465.22,526.22
71.33574,464.67,527.38
71.35563,462.18,526.07
71.37606,463.21,522.73
71.39565,463.01,526.19
71.41689,461.35,524.43
71.43576,463.21,523.95
71.45702,461.94,523.09
71.47574,461.23,527.23
71.49713,463.29,528.02
71.51580,462.25,529.74
71.53645,462.31,528.71
71.55625,464.13,530.36
71.57531,464.35,529.11
71.59586,462.47,531.31
71.61611,463.61,530.16
71.63609,462.60,530.04
71.65611,463.95,531.46
71.67586,462.29,530.15
71.69563,462.58,530.17
71.71598,462.43,531.21
71.73548,461.45,530.06
71.75543,460.65,532.04
71.77670,463.59,529.06
71.79553,463.68,530.57
71.81620,461.62,531.43
71.83598,460.98,529.95
71.85540,465.15,531.32
71.87551,465.62,530.96
71.89656,463.95,531.40
71.91627,462.03,532.99
71.93698,464.11,534.40
71.95599,462.20,530.44
71.97645,465.02,533.57
71.99568,464.39,532.79
72.01551,465.05,532.51
72.03529,466.01,531.31
72.05627,463.17,533.95
72.07668,465.46,532.63
72.09681,466.12,535.14
72.11613,466.32,534.12
72.13682,466.17,535.23
72.15709,465.79,535.08
72.17659,466.76,532.65
72.19650,464.84,533.94
72.21572,465.62,533.21
72.23707,463.81,531.37
72.25537,466.61,531.31
72.27561,466.79,530.58
72.29676,466.33,532.02
72.31688,464.49,529.10
72.33557,466.22,533.20
72.35565,465.51,533.63
72.37618,467.29,530.22
72.39642,468.33,532.63
72.41730,468.79,530.48
72.43632,464.94,534.42
72.45545,466.33,530.47
72.47614,465.94,533.42
72.49683,467.09,530.64
72.51537,466.30,532.37
72.53588,466.39,531.62
72.55597,463.02,533.81
72.57623,463.69,530.29
72.59667,462.46,533.58
72.61727,462.50,533.52
72.63683,462.97,533.24
72.65664,465.32,530.36
72.67644,466.57,531.14
72.69543,466.63,532.84
72.71612,466.39,531.52
72.73577,464.09,534.27
72.75688,465.51,534.41
72.77525,463.85,536.30
72.79567,464.18,534.50
72.81611,464.47,533.96
72.83538,465.13,533.48
72.85532,467.25,531.86
72.87533,465.84,530.81
72.89616,466.42,531.06
72.91700,468.14,534.20
72.93584,465.53,530.58
72.95542,466.49,529.98
72.97638,465.50,532.92
72.99522,467.13,535.66
73.01693,468.25,535.60
73.03539,468.87,525.96
73.05674,464.52,503.18
73.07703,464.18,484.00
73.09703,465.84,475.40
73.11898,468.24,470.50
73.13732,463.35,470.34
73.15839,464.32,470.48
73.17808,463.30,473.65
73.19833,464.95,480.68
73.21741,467.22,486.51
73.23799,466.43,492.22
73.25869,470.54,496.44
73.27802,470.33,503.03
73.29766,470.07,507.63
73.31807,471.97,512.70
73.33820,471.32,513.56
73.35918,469.74,516.44
73.37786,470.25,517.93
73.39788,471.33,519.77
73.41899,470.02,523.76
73.43800,468.22,525.16
73.45902,470.10,528.85
73.47915,467.75,528.63
73.49733,470.21,530.35
73.51818,471.68,534.63
73.53831,471.89,533.24
73.55905,475.23,533.53
73.57934,474.68,536.92
73.59895,472.58,537.14
73.61921,472.07,539.36
73.63790,473.63,542.84
73.65987,472.45,542.64
73.67863,472.22,543.67
73.69956,472.20,544.11
73.71955,472.77,543.97
73.73929,474.36,545.39
73.75928,476.79,542.01
73.77856,475.96,543.84
73.79840,476.49,542.22
73.81923,476.26,544.31
73.83929,479.94,542.63
73.85913,479.22,540.99
73.87933,479.36,543.87
73.89973,477.79,541.10
73.91976,477.85,542.91
73.94024,480.05,544.17
73.95926,477.18,541.69
73.98050,477.85,543.46
74.00023,477.56,541.22
74.02188,480.15,542.38
74.04151,477.69,545.76
74.06110,480.94,544.29
74.08004,480.86,544.75
74.10171,481.63,543.57
74.12199,479.09,542.46
74.14092,481.15,542.40
74.16198,478.22,545.22
74.18120,479.55,548.28
74.20069,480.40,550.96
74.22182,476.83,551.71
74.24023,478.01,553.41
74.26132,479.43,548.23
74.28014,480.03,548.21
74.30135,478.75,549.16
74.32128,477.44,546.92
74.34098,481.49,543.88
74.36046,480.38,545.51
74.38093,479.73,544.64
74.40054,480.12,543.03
74.42193,480.37,540.77
74.44035,478.66,539.58
74.46029,480.72,542.17
74.48100,480.36,538.20
74.50083,481.28,540.50
74.52062,476.95,539.61
74.54022,475.88,539.59
74.56060,478.22,539.27
74.58085,474.48,536.62
